153558	422547	632431	837107	457501	139651	237619	185097	351433	953182	611798	130393	717673	305428	337968	763973	947977	841839	924706	428980	784627	150890	661289	988790	836882	402352	623916	685270	788114	284403	610037	234171	
468004	701093	927228	936666	607101	355766	295551	334012	430237	107210	950382	839208	827437	900470	618626	917645	620865	524439	593230	261453	434110	111888	654989	642825	525077	801086	885115	403845	634573	820697	960480	678040	
981183	283785	299879	414675	630811	848290	730477	947691	329512	800862	266836	428901	156232	461942	671959	479421	478233	142652	738872	483634	800024	677112	829973	172465	772449	962173	726905	536477	908369	198152	732975	263320	
254604	533108	190194	642001	883418	173532	490559	944266	457197	543598	791852	270276	553054	466824	693618	720329	175285	376979	301765	910294	849702	934488	527940	135811	131608	482787	862924	938833	631810	771891	732711	153199	
629583	288186	358562	359304	912032	259895	797052	947084	428720	498638	680378	486425	709203	243617	749847	944647	871895	170861	205753	220237	190893	194244	610207	849491	452449	976866	314646	767317	558884	561902	343851	783152	
309451	142831	600314	961420	892016	743048	106213	521190	442486	196786	435809	647865	663787	696340	488330	823752	722982	457313	183031	310123	510255	565871	411560	695188	459934	869551	281820	884797	391931	742062	480863	873295	
530021	310599	283392	906705	667022	914786	176096	737868	628131	976173	611174	482487	130538	117622	834640	318979	695332	103202	862180	769317	984977	309005	786245	770427	606387	161406	493505	284765	755947	456454	665543	486178	
652576	262070	773142	956684	767646	347546	592592	492721	440186	209877	478189	976742	273300	320122	850700	731498	745173	269636	779652	259725	225688	837779	333177	498395	841989	764004	283435	430473	490584	457643	486024	449819	
265249	216431	113121	236879	281348	979779	696569	182634	588032	244989	677082	509884	684589	775284	597090	243090	671262	277435	350875	218553	794374	250036	811401	585802	325176	417875	245980	494262	436262	706832	832421	489711	
488683	490824	158437	595248	886532	676977	121216	370858	447736	344024	283345	777548	712825	684889	475607	483951	997891	299386	199405	249691	453601	362852	983832	101402	851247	851007	600089	177271	570681	245034	661634	611601	
171843	800211	166981	316386	621538	120857	681416	192742	459239	554139	367829	317579	827228	927228	255534	789492	747879	495958	396637	421673	725323	734552	404074	357279	206414	687006	301126	398528	353910	507884	424323	858646	
312236	533254	541318	298745	348610	190542	238741	984178	319888	529627	381323	756011	545850	937970	733003	386070	331022	259556	841329	885079	130058	896804	213283	608910	668986	124611	626086	346181	293055	947946	288333	886642	
562507	213299	646700	173161	287368	741092	936716	252578	299800	465866	175863	989890	837752	614702	972178	782056	171582	600342	184267	149335	466465	938619	296456	872443	172471	936065	108606	581754	248217	549721	671459	780920	
297923	733487	479739	731558	661496	235664	893455	415849	635331	984669	836061	908483	702776	254276	230472	787840	432984	109793	225455	328030	491411	567729	983355	766425	583112	320494	645458	873843	423432	882956	772554	938493	
435641	427918	244023	796965	263990	478790	264580	536732	193428	567560	200000	231202	925471	532073	467472	239279	667106	931225	107395	892673	107750	772922	439683	114142	104754	505052	536486	966597	500785	668791	311972	930229	
647569	884228	196515	674777	999143	335993	181743	376078	183279	187615	817189	269459	373905	597712	415886	702924	309824	709938	878985	378611	597853	531051	306657	174171	496248	855809	746974	912226	873974	215023	421303	589907	
925006	190341	766309	339669	965101	770877	510482	857844	671545	340181	936336	554282	121683	712686	741863	401033	984789	746560	190118	768583	252283	196760	878011	749799	152671	818159	552509	172896	977884	649736	522310	668844	
922420	740869	893215	623887	776685	668550	132755	716546	408406	123104	275461	773403	867687	953494	914494	665531	486182	631895	307838	908308	444230	940659	758100	920980	366378	583323	608169	682866	848424	571220	758934	484692	
200168	626744	155061	690234	228779	941929	883381	125611	193673	562995	772776	421275	875250	123997	131991	248245	436982	921451	194005	134283	778945	950099	393904	593527	446206	318969	780068	516492	762012	849098	983913	117566	
180942	819089	516717	871851	183628	993562	762109	277380	721014	362081	456380	493148	394585	800566	589750	490893	393514	120399	673710	917281	376368	111081	753556	187203	573118	956733	586770	600130	274526	290779	129285	185887	
956105	352678	335113	100468	616946	509388	763117	254689	509410	538271	589062	275732	304638	249973	656032	904180	456326	775513	446959	934411	243223	174795	542275	137261	610223	362107	221305	377065	719760	757245	753518	833067	
120221	501737	147630	879435	518754	389779	665675	108822	681905	900258	635690	263670	352679	434798	456824	688417	163821	646715	774746	775099	811001	848685	786849	438665	767477	144871	646555	801875	325591	380643	117798	763093	
541008	889936	673088	283587	420321	514403	760475	245398	246054	705148	623948	841783	884374	689687	780898	961350	723043	332778	359347	155527	499900	308609	653746	736458	586163	902836	838557	704182	324248	312962	106259	886962	
755587	594605	708675	351055	495953	977073	366047	612853	523558	612770	872944	291241	384177	632289	767010	514936	341453	978522	197120	619810	793923	970142	635771	689637	761709	969656	988707	314533	394742	141933	262776	399766	
936765	499605	655834	650982	350648	803473	417341	969929	897940	973448	135289	512449	106203	499778	340221	442858	263151	519808	111043	349632	745714	195413	592479	733998	271816	381477	635633	294260	683060	307193	798746	984980	
569247	575132	311275	446937	639192	808054	311672	370212	593173	365282	756108	120916	202839	816269	614006	747921	202316	124494	253889	191446	776205	826396	388066	334840	655496	164017	621386	874647	856408	865433	521211	853185	
477648	457110	319640	283421	301943	480980	124949	592986	121292	344772	127277	743477	140075	636759	543378	336545	335816	338489	925726	912246	300216	437383	552201	636760	301200	622126	730132	287491	816965	139458	650209	320560	
499025	122711	173062	484423	530167	499776	517974	607489	346494	797889	229663	854808	594202	542099	209203	944077	207496	729652	894750	287382	816055	330249	221974	688834	616676	266129	481969	652138	333342	683526	836336	821814	
523561	161683	856024	309641	851838	485485	414913	216171	214447	855439	248584	197937	153479	904822	353535	214506	257040	853141	499749	149640	372014	365270	172208	432297	826153	857006	527493	553922	164265	963420	983882	517607	
612474	176510	938996	657369	126862	101775	890074	716908	783617	308865	997386	159508	366584	258835	446137	956268	196995	278127	221302	355906	529570	620259	343224	529026	881955	404697	813846	980958	467241	923861	777973	647095	
485960	900395	415484	121258	231949	965851	821187	491386	805467	772106	263306	998230	614256	890910	536614	509062	894246	605141	685558	580503	183349	397827	258868	956289	287093	468902	984198	715858	950402	534183	915380	478745	
202840	740304	289749	746576	736670	684068	905730	797959	553823	645791	526860	993481	742195	701452	968553	850285	168828	663037	920393	642460	599820	397450	556455	105817	197700	449481	332378	940530	842039	437702	553804	871682	
